# Distance (km), Depth (m)
0.000000000000000000e+00 -5.646099999999999852e+01
8.079323309067092396e-01 -1.016069999999999993e+02
1.121521573066331712e+00 -1.343050000000000068e+02
1.281239028272295855e+00 -1.395920000000000130e+02
1.527395598656511311e+00 -1.441479999999999961e+02
1.774304163181710692e+00 -1.468429999999999893e+02
1.933546883487167634e+00 -1.515180000000000007e+02
2.094727422821904383e+00 -1.636550000000000011e+02
2.257841520917821754e+00 -1.882470000000000141e+02
2.501881618448265954e+00 -1.881109999999999900e+02
2.909307128675578724e+00 -2.159749999999999943e+02
3.482275580744868648e+00 -2.617699999999999818e+02
3.724966100855056084e+00 -2.605690000000000168e+02
3.890953203751564615e+00 -2.829719999999999800e+02
4.133196591848900425e+00 -2.799030000000000200e+02
4.299894842898112302e+00 -3.087669999999999959e+02
5.118564353660133293e+00 -3.385899999999999750e+02
