# Distance (km), Depth (m)
0.000000000000000000e+00 -4.771699999999999875e+01
1.919087440025919022e+00 -8.327599999999999625e+01
3.838565884177853604e+00 -1.662549999999999955e+02
5.758429596341727574e+00 -1.709660000000000082e+02
7.678672950939301245e+00 -1.679039999999999964e+02
9.599290430305700283e+00 -1.821090000000000089e+02
1.152027662214027259e+01 -2.207880000000000109e+02
1.344162621702849947e+01 -2.546839999999999975e+02
1.536333400603280097e+01 -2.912019999999999982e+02
1.728539487835035970e+01 -3.064150000000000205e+02
1.920780381903506395e+01 -3.130640000000000214e+02
2.065625283231088360e+01 -3.202570000000000050e+02
