# Distance (km), Depth (m)
0.000000000000000000e+00 -2.860999999999999943e+01
6.477007330568653742e-01 -4.295100000000000051e+01
1.118112894972398408e+00 -7.289799999999999613e+01
1.766179189882279843e+00 -1.098569999999999993e+02
1.353843175803547183e+00 -8.972700000000000387e+01
2.002058774855981937e+00 -1.268739999999999952e+02
2.474861990235751819e+00 -1.504490000000000123e+02
3.123437108312089094e+00 -1.599039999999999964e+02
4.009291037965454052e+00 -1.928689999999999998e+02
3.597922544055904837e+00 -1.793050000000000068e+02
4.246852833809782624e+00 -1.975989999999999895e+02
4.895844524285621446e+00 -2.082549999999999955e+02
5.133896316592142739e+00 -2.087800000000000011e+02
6.021633468712821013e+00 -1.991250000000000000e+02
5.611031003185189547e+00 -2.020200000000000102e+02
6.499740663505008342e+00 -1.998460000000000036e+02
7.149427713265026796e+00 -2.022129999999999939e+02
6.739307175915712378e+00 -2.023259999999999934e+02
7.389136073324323206e+00 -2.043139999999999930e+02
7.869574371823773618e+00 -2.074010000000000105e+02
8.519743053779052389e+00 -2.104339999999999975e+02
8.110303316891076975e+00 -2.099770000000000039e+02
8.760611692388465599e+00 -2.143360000000000127e+02
9.652323272573880786e+00 -2.220260000000000105e+02
9.243364336011836713e+00 -2.224569999999999936e+02
1.013602737589951630e+01 -2.387129999999999939e+02
1.078686323304577854e+01 -2.499079999999999870e+02
1.102935697261330006e+01 -2.559499999999999886e+02
1.127218620672601901e+01 -2.965210000000000150e+02
1.192334953830243194e+01 -3.062780000000000200e+02
1.257456750160326919e+01 -3.089230000000000018e+02
