# Distance (km), Depth (m)
0.000000000000000000e+00 -1.763729999999999905e+02
0.000000000000000000e+00 -1.763729999999999905e+02
2.557077604172349083e+00 -2.915009999999999764e+02
2.557077604172349083e+00 -2.915009999999999764e+02
4.053800974062028217e+00 -3.080149999999999864e+02
5.114174874245549063e+00 -3.139390000000000214e+02
6.610934699848968421e+00 -3.199780000000000086e+02
7.671291155200265166e+00 -3.286429999999999723e+02
9.168086509492070491e+00 -3.495190000000000055e+02
1.022842582078243368e+01 -3.950550000000000068e+02
1.172525581107154835e+01 -4.038039999999999736e+02
1.172525581107154835e+01 -4.038039999999999736e+02
1.428244203821805058e+01 -3.827860000000000014e+02
1.428244203821805058e+01 -3.827860000000000014e+02
