# Distance (km), Depth (m)
0.000000000000000000e+00 -8.055200000000000671e+01
6.703425030937637530e-01 -8.112500000000000000e+01
3.038334338517472588e+00 -2.165490000000000066e+02
4.378978615730602542e+00 -2.918750000000000000e+02
7.417340572135401544e+00 -3.850600000000000023e+02
8.087650331948054827e+00 -3.888709999999999809e+02
8.757967606362285551e+00 -3.975049999999999955e+02
1.179635613119017989e+01 -4.144599999999999795e+02
1.246665757554001175e+01 -4.541709999999999923e+02
1.313696645139708608e+01 -5.152899999999999636e+02
1.550509457825927484e+01 -5.270629999999999882e+02
