# Distance (km), Depth (m)
0.000000000000000000e+00 -5.083299999999999841e+01
4.289247203826676014e-01 -4.332300000000000040e+01
2.981830902239011039e+00 -1.464370000000000118e+02
3.411063918136818529e+00 -1.607800000000000011e+02
4.902336136288596435e+00 -2.185339999999999918e+02
6.393740151996894383e+00 -2.181229999999999905e+02
7.885273577834624348e+00 -2.550989999999999895e+02
9.376934083491164529e+00 -3.568620000000000232e+02
9.806922908350344414e+00 -3.764859999999999900e+02
1.129884968191902317e+01 -4.322250000000000227e+02
1.279089715436387564e+01 -4.395269999999999868e+02
1.322132749329603030e+01 -4.338879999999999768e+02
