# Distance (km), Depth (m)
4.389427441426505538e-01 -3.189699999999999847e+01
8.780070822007246534e-01 -1.952400000000000091e+01
1.317192424165796183e+00 -1.514100000000000001e+01
1.756498183679582326e+00 -2.572599999999999909e+01
2.635468628009050462e+00 -7.052100000000000080e+01
3.075132158117639847e+00 -1.078050000000000068e+02
3.514913796308121618e+00 -1.584120000000000061e+02
4.394829126401248232e+00 -2.139079999999999870e+02
4.834961691742421408e+00 -2.196850000000000023e+02
5.275210111991611939e+00 -2.250060000000000002e+02
6.156052301847125818e+00 -1.928050000000000068e+02
6.596644972223998593e+00 -1.767309999999999945e+02
5.978771154243588626e+00 -1.931870000000000118e+02
6.860634183443266920e+00 -1.893880000000000052e+02
7.301734405275908557e+00 -2.068650000000000091e+02
7.742946384514482361e+00 -2.178060000000000116e+02
