# Distance (km), Depth (m)
4.482829001970571881e-01 -1.211100000000000065e+01
8.966596345384232336e-01 -1.576500000000000057e+01
1.637950268080885508e+00 -3.097599999999999909e+01
1.793692691551541429e+00 -3.527100000000000080e+01
2.086870244656665818e+00 -3.933700000000000330e+01
2.242348065047281125e+00 -4.472500000000000142e+01
2.984983010243297485e+00 -4.971200000000000330e+01
3.434174876130725806e+00 -7.155700000000000216e+01
4.332827288948521982e+00 -1.311939999999999884e+02
4.782286930785858203e+00 -1.804379999999999882e+02
5.528835236940267350e+00 -2.239850000000000136e+02
5.681470844714283430e+00 -2.256939999999999884e+02
6.131194229318282396e+00 -2.315699999999999932e+02
6.428880561538676375e+00 -2.294010000000000105e+02
6.879032124231684975e+00 -2.324279999999999973e+02
7.628979931553658389e+00 -2.417529999999999859e+02
7.779590899481149791e+00 -2.470639999999999930e+02
8.079637475350750719e+00 -2.546189999999999998e+02
8.229997260026379990e+00 -2.568399999999999750e+02
8.981202032852195316e+00 -2.762440000000000282e+02
