# Distance (km), Depth (m)
0.000000000000000000e+00 -5.384999999999999787e+00
1.055080430639691258e+00 -4.515299999999999869e+01
2.110209167366235761e+00 -8.228499999999999659e+01
3.611738402630635392e+00 -2.148379999999999939e+02
4.666898896879047243e+00 -3.282409999999999854e+02
5.722106598900552399e+00 -3.539569999999999936e+02
6.777361032376745698e+00 -4.161109999999999900e+02
7.832661727354661707e+00 -4.930649999999999977e+02
9.334131905465881118e+00 -5.199719999999999800e+02
1.038946202456838819e+01 -5.359600000000000364e+02
9.943400053202424260e+00 -5.290349999999999682e+02
