# Distance (km), Depth (m)
0.000000000000000000e+00 -3.969700000000000273e+01
1.712085428167767986e+00 -8.449200000000000443e+01
6.551964063022523987e-01 -4.164500000000000313e+01
2.367318130016997202e+00 -1.329350000000000023e+02
3.022675211472517276e+00 -1.466910000000000025e+02
6.447015733534243509e+00 -2.126920000000000073e+02
7.758224117710085466e+00 -2.513149999999999977e+02
1.118272119443855672e+01 -3.282239999999999895e+02
1.012627894593609312e+01 -3.192110000000000127e+02
1.183855929496536419e+01 -3.521539999999999964e+02
1.249451115718730421e+01 -3.616440000000000055e+02
