# Distance (km), Depth (m)
0.000000000000000000e+00 -7.930700000000000216e+01
6.175482517338082289e-01 -7.984000000000000341e+01
2.032315326093794283e+00 -1.533340000000000032e+02
3.451834538904989813e+00 -1.923170000000000073e+02
4.072310953041977655e+00 -1.931210000000000093e+02
4.876003400245878083e+00 -2.076680000000000064e+02
7.550863826350763475e+00 -3.273419999999999845e+02
8.986368181796279941e+00 -3.375079999999999814e+02
9.800647314988339076e+00 -3.528870000000000005e+02
1.042617024642603951e+01 -4.318340000000000032e+02
1.105198768515808183e+01 -4.657909999999999968e+02
1.331830659909175552e+01 -5.371040000000000418e+02
1.394628503622178073e+01 -5.507440000000000282e+02
1.414171701593167541e+01 -5.523289999999999509e+02
1.477046608702059416e+01 -5.645330000000000155e+02
