# Distance (km), Depth (m)
0.000000000000000000e+00 -8.487000000000000455e+01
4.108844968416747179e-01 -8.786700000000000443e+01
1.882349020570103448e+00 -1.290689999999999884e+02
3.354345441376750614e+00 -1.771030000000000086e+02
4.826860153596129521e+00 -2.753310000000000173e+02
6.299880007123306314e+00 -2.890249999999999773e+02
7.953199566859723291e+00 -3.287400000000000091e+02
9.428242630416349357e+00 -3.631779999999999973e+02
1.090373612188074048e+01 -3.923519999999999754e+02
1.468742498590856371e+01 -4.787149999999999750e+02
