# Distance (km), Depth (m)
1.278822942685849284e+00 -9.206100000000000705e+01
2.561020010070876651e+00 -7.639600000000000080e+01
3.846521157378049338e+00 -7.499599999999999511e+01
6.427164226172521921e+00 -1.718600000000000136e+02
7.722174628730641643e+00 -2.166839999999999975e+02
8.035629713905024119e+00 -2.421970000000000027e+02
9.020225981060491449e+00 -2.942099999999999795e+02
1.063751797146065314e+01 -3.546440000000000055e+02
1.194283512785401058e+01 -4.023539999999999850e+02
1.357059841730040262e+01 -4.425160000000000196e+02
1.520439282119824043e+01 -4.272370000000000232e+02
1.552655945405408033e+01 -4.161840000000000259e+02
1.684406926211900668e+01 -3.909750000000000227e+02
