# Distance (km), Depth (m)
0.000000000000000000e+00 -1.629070000000000107e+02
6.669260597054176287e-01 -1.941990000000000123e+02
1.333881865355976970e+00 -2.747719999999999914e+02
2.000867143717925956e+00 -3.187440000000000282e+02
2.667881624881943026e+00 -3.337749999999999773e+02
3.334925042212745439e+00 -3.546229999999999905e+02
4.669097634909405770e+00 -3.877509999999999764e+02
5.336226292935833726e+00 -3.928849999999999909e+02
6.003382852356054400e+00 -3.956600000000000250e+02
7.337778674420974312e+00 -4.394460000000000264e+02
8.005017444020722905e+00 -4.414110000000000014e+02
8.672283128836653532e+00 -4.452139999999999986e+02
9.339575489583666013e+00 -4.466229999999999905e+02
