# Distance (km), Depth (m)
0.000000000000000000e+00 -5.488600000000000279e+01
0.000000000000000000e+00 -5.488600000000000279e+01
2.421678106793592633e+00 -1.165010000000000048e+02
2.421678106793592633e+00 -1.165010000000000048e+02
4.843365090792644878e+00 -1.923619999999999948e+02
7.265060624213560914e+00 -2.939730000000000132e+02
7.265060624213560914e+00 -2.939730000000000132e+02
9.686764395213089074e+00 -3.276019999999999754e+02
1.210847610693085130e+01 -3.773709999999999809e+02
1.210847610693085130e+01 -3.773709999999999809e+02
1.453019547660031208e+01 -4.311419999999999959e+02
1.453019547660031208e+01 -4.311419999999999959e+02
1.695192223472238879e+01 -4.820339999999999918e+02
1.937365612429604766e+01 -4.638340000000000032e+02
1.937365612429604766e+01 -4.638340000000000032e+02
