# Distance (km), Depth (m)
0.000000000000000000e+00 -2.896410000000000196e+02
1.059847981168672959e+00 -3.138770000000000095e+02
2.119718298702196080e+00 -3.299590000000000032e+02
3.179610626923732752e+00 -3.560749999999999886e+02
5.299460044042973550e+00 -4.333709999999999809e+02
6.359416512457556792e+00 -4.763809999999999718e+02
7.419393750304408286e+00 -4.911220000000000141e+02
7.830024088603693144e+00 -4.930529999999999973e+02
8.890093221339867569e+00 -5.003820000000000050e+02
9.950181827425581105e+00 -4.965799999999999841e+02
