# Distance (km), Depth (m)
0.000000000000000000e+00 -7.294299999999999784e+01
4.712677913419440756e-01 -8.308899999999999864e+01
2.368789689060861292e+00 -8.619299999999999784e+01
3.317586033473247653e+00 -8.704600000000000648e+01
4.742617065944386923e+00 -1.125040000000000049e+02
5.693861492094384857e+00 -1.382820000000000107e+02
7.121290669410853980e+00 -1.906009999999999991e+02
9.504628256838884681e+00 -2.737710000000000150e+02
1.046051395367476289e+01 -3.429510000000000218e+02
1.141751825273735221e+01 -3.900889999999999986e+02
1.237562448233305190e+01 -4.105179999999999723e+02
1.238502521665901668e+01 -4.095609999999999786e+02
