# Distance (km), Depth (m)
0.000000000000000000e+00 2.217899999999999849e+01
9.363891978992455734e-01 1.337680000000000007e+02
1.325414266800919449e+00 1.494329999999999927e+02
2.262350575936864061e+00 1.666519999999999868e+02
2.653250095275069498e+00 1.681409999999999911e+02
3.590715560136942486e+00 1.363520000000000039e+02
3.983461022813486352e+00 1.755540000000000020e+02
5.390467544177255377e+00 1.176839999999999975e+02
5.785224707070653949e+00 1.320879999999999939e+02
6.723748539102331279e+00 1.384550000000000125e+02
7.120290646838981274e+00 1.333329999999999984e+02
8.528827083117448637e+00 1.324019999999999868e+02
8.927309069362564742e+00 1.429890000000000043e+02
9.866815719221506242e+00 1.681100000000000136e+02
1.073698793131819684e+01 2.287560000000000002e+02
1.160888346187019238e+01 2.401059999999999945e+02
1.254926041983875962e+01 2.685470000000000255e+02
1.342323153738547603e+01 3.239990000000000236e+02
1.436406184963215082e+01 4.278389999999999986e+02
1.382830815950759984e+01 3.580760000000000218e+02
1.524006404012291682e+01 4.110550000000000068e+02
1.611770786285725876e+01 4.148360000000000127e+02
1.705931961095916449e+01 4.070199999999999818e+02
1.699697372691201736e+01 4.014769999999999754e+02
1.793892204145689107e+01 3.958170000000000073e+02
