# Distance (km), Depth (m)
4.677739821176771784e-01 2.046479999999999961e+02
-4.677326322954229454e-01 5.088000000000000256e+01
1.486059620640077128e+00 2.651639999999999873e+02
5.508553079137357145e-01 2.461260000000000048e+02
8.331642794564686483e-02 6.011699999999999733e+01
1.569986466705699968e+00 2.588310000000000173e+02
1.102599300085245204e+00 2.352860000000000014e+02
1.679551010945203871e-01 2.817130000000000223e+02
2.122415134769482847e+00 2.732649999999999864e+02
1.188075397038232950e+00 2.316169999999999902e+02
2.539139904985177054e-01 2.936050000000000182e+02
2.208718180381538332e+00 2.646949999999999932e+02
1.274862758993776879e+00 2.379780000000000086e+02
8.080037429125752624e-01 2.745339999999999918e+02
2.296323647293576187e+00 2.565160000000000196e+02
1.829618047560074956e+00 2.235020000000000095e+02
3.318287344010713014e+00 2.857049999999999841e+02
2.851734691453316373e+00 2.703629999999999995e+02
2.385229493227967623e+00 2.306779999999999973e+02
3.407992382753207039e+00 2.877309999999999945e+02
2.941688609719818714e+00 2.584150000000000205e+02
2.475433649955391502e+00 2.400589999999999975e+02
3.965088370239897131e+00 2.989979999999999905e+02
3.032935422694293948e+00 2.452050000000000125e+02
2.566934023523771202e+00 2.677200000000000273e+02
4.057116404320254333e+00 2.975020000000000095e+02
3.125473028055466784e+00 2.561030000000000086e+02
5.081762314416181425e+00 3.127699999999999818e+02
4.150426574103676103e+00 2.964100000000000250e+02
3.684836662679714436e+00 2.644359999999999786e+02
5.175835501297939345e+00 3.134859999999999900e+02
4.710399593915525429e+00 3.119080000000000155e+02
3.779687443129375879e+00 2.613020000000000209e+02
5.271180163092878956e+00 3.097540000000000191e+02
4.806005255208532390e+00 3.036820000000000164e+02
3.875819321832324249e+00 2.808809999999999718e+02
5.367794167856430931e+00 3.176789999999999736e+02
4.902883435382108246e+00 2.955749999999999886e+02
6.395132272662209516e+00 3.429619999999999891e+02
5.930375617720073933e+00 3.196689999999999827e+02
5.001031961751863264e+00 2.965240000000000009e+02
6.493741815117942906e+00 3.248559999999999945e+02
6.029252777761655580e+00 3.207649999999999864e+02
7.522220469254193631e+00 3.292080000000000268e+02
6.593607958689659654e+00 3.252799999999999727e+02
6.129389634864509162e+00 3.218220000000000027e+02
7.622797748136633800e+00 3.365529999999999973e+02
7.158733263913802602e+00 3.319630000000000223e+02
6.230783981835770646e+00 3.187309999999999945e+02
7.724621143933717349e+00 3.346870000000000118e+02
7.260830617633018846e+00 3.314769999999999754e+02
6.333433589016152609e+00 3.247590000000000146e+02
7.827688456961539032e+00 3.335509999999999877e+02
7.364174905711792007e+00 3.346589999999999918e+02
6.900723985799118054e+00 3.282869999999999777e+02
7.931997465933335434e+00 3.339409999999999741e+02
7.468763889502724851e+00 3.400679999999999836e+02
7.005594412813906047e+00 3.380389999999999873e+02
8.500561604214738054e+00 3.434599999999999795e+02
7.574595308848500963e+00 3.447919999999999732e+02
9.069860063108166059e+00 3.429800000000000182e+02
8.607062816814163853e+00 3.456949999999999932e+02
9.639885670366481918e+00 3.446619999999999777e+02
9.177307356180250508e+00 3.521589999999999918e+02
8.714795999637942714e+00 3.561549999999999727e+02
9.748272431779099634e+00 3.508389999999999986e+02
9.285981427109589958e+00 3.464089999999999918e+02
1.078209006050289531e+01 3.528770000000000095e+02
1.031995101273989235e+01 3.495600000000000023e+02
9.395879985409123947e+00 3.706700000000000159e+02
1.089233615075389139e+01 3.518279999999999745e+02
1.043048716131582410e+01 3.537130000000000223e+02
9.507000720578673736e+00 3.724519999999999982e+02
1.100379360288010844e+01 3.521009999999999991e+02
1.054223748848932019e+01 3.454449999999999932e+02
1.157779331970462522e+01 3.529019999999999868e+02
1.111646011988347027e+01 3.572309999999999945e+02
1.065519967981737182e+01 3.536220000000000141e+02
1.169136963862402467e+01 3.558179999999999836e+02
1.123033338574711593e+01 3.565769999999999982e+02
1.076937140173265561e+01 3.768650000000000091e+02
1.180614761844165628e+01 3.622269999999999754e+02
1.134541106565438895e+01 3.587180000000000177e+02
1.238263575881634893e+01 3.577570000000000050e+02
1.192212492334277840e+01 3.661440000000000055e+02
1.146169080620884984e+01 3.822799999999999727e+02
1.249950641138440233e+01 3.728279999999999745e+02
1.203929919925050740e+01 3.668729999999999905e+02
1.353760767508205731e+01 3.880199999999999818e+02
1.261756897309697933e+01 3.722409999999999854e+02
1.215766807404460792e+01 3.850649999999999977e+02
1.365624641120382421e+01 4.005740000000000123e+02
1.273682107170404265e+01 3.742379999999999995e+02
1.423559217946964850e+01 3.954010000000000105e+02
1.377606701585622773e+01 3.929889999999999759e+02
1.285726031744042075e+01 3.901859999999999786e+02
1.239798004291031930e+01 3.906600000000000250e+02
1.389706711720970134e+01 3.939399999999999977e+02
1.493713439343665073e+01 4.229370000000000118e+02
1.447814763889596179e+01 4.116139999999999759e+02
1.551861611326626189e+01 4.323190000000000168e+02
1.505985826556306506e+01 4.324689999999999941e+02
1.460118475824864959e+01 4.246279999999999859e+02
1.564219291737478557e+01 4.478759999999999764e+02
1.518374931859474941e+01 4.488670000000000186e+02
1.472539160374449807e+01 4.364900000000000091e+02
1.380893646430621402e+01 4.144110000000000014e+02
1.530880514954495197e+01 4.560869999999999891e+02
1.439281446562839051e+01 4.528550000000000182e+02
1.589283090179861802e+01 4.644909999999999854e+02
1.543502333951991545e+01 4.612989999999999782e+02
1.497730477515892744e+01 4.620649999999999977e+02
1.406213736665563374e+01 4.744569999999999936e+02
1.510500621233688889e+01 4.635369999999999777e+02
1.464770222971165481e+01 4.691030000000000086e+02
