# Distance (km), Depth (m)
4.685724252928480382e-01 -4.998799999999999955e+01
3.598396366011371583e+00 -1.563569999999999993e+02
3.993796861771727436e+00 -1.645029999999999859e+02
5.799262352437438039e+00 -1.818899999999999864e+02
6.738484140243571119e+00 -1.978300000000000125e+02
7.137622766785767681e+00 -1.943139999999999930e+02
8.547174242545821699e+00 -1.907549999999999955e+02
8.948220944186573433e+00 -1.905399999999999920e+02
1.076141509821690079e+01 -2.354569999999999936e+02
1.163614412193524572e+01 -2.700679999999999836e+02
1.345390385471208106e+01 -3.492230000000000132e+02
1.433231431101464182e+01 -3.563779999999999859e+02
1.615445973057279616e+01 -3.989879999999999995e+02
