# Distance (km), Depth (m)
0.000000000000000000e+00 -3.532000000000000028e+01
8.949766090371156224e-01 -6.008500000000000085e+01
2.686290347227156872e+00 -1.294929999999999950e+02
4.636289105771993491e+00 -1.486119999999999948e+02
5.084523829420135144e+00 -1.768189999999999884e+02
5.532867556523171970e+00 -2.264689999999999941e+02
6.429879444178112635e+00 -3.286179999999999950e+02
9.278189030431548190e+00 -3.368020000000000209e+02
1.107479066824018332e+01 -3.406209999999999809e+02
1.242331573549660106e+01 -3.452210000000000036e+02
1.377274362622378590e+01 -3.599879999999999995e+02
1.467285613593836047e+01 -3.814350000000000023e+02
1.602375452803298117e+01 -4.030720000000000027e+02
1.797632799727389852e+01 -4.318090000000000259e+02
1.737551524988958818e+01 -4.305550000000000068e+02
