# Distance (km), Depth (m)
0.000000000000000000e+00 0.000000000000000000e+00
8.949766090371156224e-01 1.191600000000107684e+01
1.790408546162126413e+00 3.188200000000142609e+01
2.686290347227156872e+00 2.881100000000151340e+01
3.740149275623934955e+00 2.452200000000084401e+01
4.636289105771993491e+00 1.366000000001804437e+00
5.084523829420135144e+00 -2.629599999999845750e+01
5.532867556523171970e+00 -7.266100000000005821e+01
5.981319641619165850e+00 -1.204419999999990978e+02
6.429879444178112635e+00 -1.737399999999979627e+02
6.878546328556495837e+00 -2.208060000000004948e+02
8.380512640503184230e+00 -1.934310000000004948e+02
9.278189030431548190e+00 -1.796310000000012224e+02
1.017628332242611577e+01 -1.773649999999979627e+02
1.152419774112021855e+01 -1.850020000000004075e+02
1.242331573549660106e+01 -1.815889999999999418e+02
1.527481101299744637e+01 -2.016909999999988941e+02
1.422275086715424663e+01 -1.985010000000002037e+02
1.617493077125581635e+01 -2.181100000000005821e+02
1.707543789133723067e+01 -2.368549999999995634e+02
1.797632799727389852e+01 -2.409419999999990978e+02
