# Distance (km), Depth (m)
0.000000000000000000e+00 1.861469999999999914e+02
4.800581460503963172e-01 2.261150000000000091e+02
4.863984338267925978e-01 2.167680000000000007e+02
4.939998438681243442e-01 2.170360000000000014e+02
1.927579868250489881e+00 2.550000000000000000e+02
2.887384641438217159e+00 2.860249999999999773e+02
1.937623030622631859e+00 2.599859999999999900e+02
3.373471631822440031e+00 2.870790000000000077e+02
2.898619245045551907e+00 2.843090000000000259e+02
3.385917470587031630e+00 2.880480000000000018e+02
2.911097682451099899e+00 2.874250000000000114e+02
4.823962201011880779e+00 3.097139999999999986e+02
3.399603642772945022e+00 3.004049999999999727e+02
4.364023570916032213e+00 3.145339999999999918e+02
3.414529868253794120e+00 3.040799999999999841e+02
4.854812711515137380e+00 3.163450000000000273e+02
3.905399931240737033e+00 3.090919999999999845e+02
5.346746886242073060e+00 2.930400000000000205e+02
3.922760000077914810e+00 3.076329999999999814e+02
5.365198687478482498e+00 3.083000000000000114e+02
4.415968167586328263e+00 3.118999999999999773e+02
7.283159858779612250e+00 2.846200000000000045e+02
5.859443956605502990e+00 3.009309999999999832e+02
7.303849419456895475e+00 2.782280000000000086e+02
5.880293375985445437e+00 3.088799999999999955e+02
7.800219389156723082e+00 2.413540000000000134e+02
6.376824287086265031e+00 2.986379999999999768e+02
8.297686781454871152e+00 2.751100000000000136e+02
6.400057399491657861e+00 3.131990000000000123e+02
8.321889327429602190e+00 2.928079999999999927e+02
6.424508460948061384e+00 3.054920000000000186e+02
9.770175211162978712e+00 2.771899999999999977e+02
7.873011518762012884e+00 2.995249999999999773e+02
6.924451467285678063e+00 2.911720000000000255e+02
9.796586364234542543e+00 2.939370000000000118e+02
7.899691652021317623e+00 2.874309999999999832e+02
9.824192627462423388e+00 2.924309999999999832e+02
7.927578984916266336e+00 3.053750000000000000e+02
9.852993475029848014e+00 2.830400000000000205e+02
8.430746090396837644e+00 3.043990000000000009e+02
1.130505216415400582e+01 2.693349999999999795e+02
9.408976982407324385e+00 3.015500000000000114e+02
8.460969293991979612e+00 2.957230000000000132e+02
1.133600673690122562e+01 2.691220000000000141e+02
9.440244041975319078e+00 2.993319999999999936e+02
1.136814532187534610e+01 2.669769999999999754e+02
9.472706956873054196e+00 2.884639999999999986e+02
1.282285777110331537e+01 2.986800000000000068e+02
1.140146731756493637e+01 2.735939999999999941e+02
9.980131408604364651e+00 2.969110000000000014e+02
1.238338835666951354e+01 2.940389999999999873e+02
1.190967700837487087e+01 2.845389999999999873e+02
1.001489650761880057e+01 2.838319999999999936e+02
1.289252787772394981e+01 3.086490000000000009e+02
1.099804987159052416e+01 2.614599999999999795e+02
1.434978252703206181e+01 3.530910000000000082e+02
1.292912245918719805e+01 3.136530000000000200e+02
1.391380273531351008e+01 3.327640000000000100e+02
1.344034213712939163e+01 3.148600000000000136e+02
1.107315474526080834e+01 2.321680000000000064e+02
1.395254917837078779e+01 2.844200000000000159e+02
1.347918419533738188e+01 2.703369999999999891e+02
1.493901923375551632e+01 3.732010000000000218e+02
1.399246065853421328e+01 2.506459999999999866e+02
1.257268688324191430e+01 1.989350000000000023e+02
1.497989394999203228e+01 3.687629999999999768e+02
1.403353645083933543e+01 2.984159999999999968e+02
1.261406801228014274e+01 2.024310000000000116e+02
1.502192662579622606e+01 3.746960000000000264e+02
1.360271465801733370e+01 2.486390000000000100e+02
1.601109465499018825e+01 3.908509999999999991e+02
1.506511650635840738e+01 3.727909999999999968e+02
1.364622373837875102e+01 3.682730000000000246e+02
1.605522521231961264e+01 3.858199999999999932e+02
1.510946281677135516e+01 3.738770000000000095e+02
1.704609025470392680e+01 4.288330000000000268e+02
1.610050588420722306e+01 3.964780000000000086e+02
1.468221061776364422e+01 3.792490000000000236e+02
1.709229563944404617e+01 4.259900000000000091e+02
1.614693586751704402e+01 4.129759999999999991e+02
1.472898160285618019e+01 3.927019999999999982e+02
1.666707328853030390e+01 4.174309999999999832e+02
1.572196730692442657e+01 4.201530000000000200e+02
1.813307819195708248e+01 4.353849999999999909e+02
1.577081201893960838e+01 4.315769999999999982e+02
1.577081201893960838e+01 4.315769999999999982e+02
1.818247160261879003e+01 4.446739999999999782e+02
1.629311336092075635e+01 4.263380000000000223e+02
1.534851229681851237e+01 4.362730000000000246e+02
1.634413216747165620e+01 4.259470000000000027e+02
1.734045132281286783e+01 4.387599999999999909e+02
1.639629597709503628e+01 4.251009999999999991e+02
1.739350213219967145e+01 4.338910000000000196e+02
1.697586510141258032e+01 4.353720000000000141e+02
