# Distance (km), Depth (m)
0.000000000000000000e+00 -4.413100000000000023e+01
1.841547505654290262e+00 -1.231269999999999953e+02
2.443681394640293547e+00 -1.474439999999999884e+02
5.974043481290976843e+00 -1.878710000000000093e+02
6.588306928070380764e+00 -2.007319999999999993e+02
8.267563169956531510e+00 -1.887280000000000086e+02
8.888084312260104980e+00 -1.956860000000000070e+02
9.511648199691535410e+00 -2.138120000000000118e+02
1.120030246271741703e+01 -2.370509999999999877e+02
1.182991555107136605e+01 -2.413319999999999936e+02
1.352461372588771837e+01 -2.775289999999999964e+02
1.416013257144751947e+01 -2.912679999999999723e+02
1.586068156299629095e+01 -3.176689999999999827e+02
1.650196672007012921e+01 -2.982230000000000132e+02
1.714609835230166368e+01 -3.011379999999999768e+02
2.058630841443957138e+01 -3.754279999999999973e+02
2.124219975013096473e+01 -4.080110000000000241e+02
