# Distance (km), Depth (m)
0.000000000000000000e+00 -4.531300000000000239e+01
1.002484680301051867e+00 -1.505910000000000082e+02
2.476390945445132274e+00 -2.108859999999999957e+02
3.950514268550250563e+00 -2.175109999999999957e+02
4.953842065804565209e+00 -2.278590000000000089e+02
6.428437521617979655e+00 -2.432700000000000102e+02
7.903242629874853264e+00 -2.695710000000000264e+02
8.907390834092268506e+00 -2.867379999999999995e+02
8.436536655807344687e+00 -2.835120000000000005e+02
1.038265337956130452e+01 -2.920020000000000095e+02
9.911844473025155366e+00 -2.831419999999999959e+02
1.138735475051453250e+01 -3.220960000000000036e+02
1.091660120633503084e+01 -3.075070000000000050e+02
1.286306522066610114e+01 -3.570899999999999750e+02
1.239235682183306153e+01 -3.466089999999999804e+02
1.386831029468260112e+01 -3.780489999999999782e+02
1.339765730264895183e+01 -3.694529999999999745e+02
1.440325392463580556e+01 -3.823460000000000036e+02
