# Distance (km), Depth (m)
0.000000000000000000e+00 -4.459100000000000108e+01
1.056917980442136695e+00 -6.761700000000000443e+01
2.113888375512203766e+00 -1.008829999999999956e+02
3.170910400735721169e+00 -1.401999999999999886e+02
1.670293232063926325e+00 -8.867700000000000671e+01
2.727398692044232575e+00 -1.257240000000000038e+02
3.784554289222541001e+00 -1.666690000000000111e+02
4.841759278951116130e+00 -2.028029999999999973e+02
5.899012931221875533e+00 -2.239739999999999895e+02
4.398548689545634716e+00 -1.921719999999999970e+02
5.455883294784570126e+00 -2.126870000000000118e+02
6.513265150117348412e+00 -2.531570000000000107e+02
7.570693562483000960e+00 -3.035889999999999986e+02
8.628167852279318595e+00 -3.229220000000000255e+02
8.185412823709242502e+00 -3.147479999999999905e+02
9.243010200772687313e+00 -3.487490000000000236e+02
