# Distance (km), Depth (m)
0.000000000000000000e+00 -4.585900000000000176e+01
4.749978254715188086e-01 -4.949699999999999989e+01
1.899048492622910089e+00 -1.293650000000000091e+02
3.799072890605685870e+00 -1.504530000000000030e+02
4.274072622133132882e+00 -1.897100000000000080e+02
5.700049702792796325e+00 -2.051330000000000098e+02
6.175047481003360872e+00 -2.164600000000000080e+02
8.076950184436242353e+00 -2.523679999999999950e+02
9.979758772949310242e+00 -2.785439999999999827e+02
1.093348930021795695e+01 -3.044239999999999782e+02
