# Distance (km), Depth (m)
6.466184064966284950e-01 6.567700000000000671e+01
0.000000000000000000e+00 6.537099999999999511e+01
4.145676640846716055e-01 7.347299999999999898e+01
-2.316663054487833051e-01 6.849800000000000466e+01
1.890492246759464479e+00 1.241640000000000015e+02
1.244517243254932737e+00 1.059470000000000027e+02
1.659895753569088583e+00 1.235289999999999964e+02
1.014308268927550216e+00 1.032120000000000033e+02
2.075541163053657101e+00 1.599929999999999950e+02
2.491451801949949640e+00 1.834579999999999984e+02
2.907626013346344962e+00 2.294079999999999870e+02
2.262684705530517704e+00 1.716399999999999864e+02
4.385447567056274920e+00 2.922520000000000095e+02
3.740758589560130076e+00 2.765260000000000105e+02
4.157713703790477666e+00 2.929800000000000182e+02
3.513418103362852207e+00 2.730749999999999886e+02
3.930845393426665169e+00 2.877049999999999841e+02
4.992393551244759919e+00 3.170529999999999973e+02
5.410115108000894679e+00 3.271709999999999923e+02
5.828088989346213111e+00 3.324150000000000205e+02
5.184653337653799099e+00 3.181320000000000050e+02
7.307978847394565491e+00 3.586770000000000209e+02
6.664787505406451373e+00 3.507149999999999750e+02
7.083509059515051831e+00 3.575590000000000259e+02
6.440717435916297973e+00 3.406309999999999718e+02
6.859899624142485663e+00 3.466789999999999736e+02
7.921689146077369514e+00 3.695380000000000109e+02
8.341144667663883183e+00 3.752710000000000150e+02
8.760841853230488141e+00 3.801399999999999864e+02
8.118907429834337108e+00 3.717359999999999900e+02
8.539058801840155866e+00 3.795489999999999782e+02
9.600955319283400513e+00 3.859259999999999877e+02
1.002136867910664364e+01 3.899820000000000277e+02
1.044201786139171872e+01 3.943009999999999877e+02
9.800938641534486351e+00 3.851449999999999818e+02
1.022203566854992118e+01 3.860609999999999786e+02
1.064336551610699644e+01 3.879370000000000118e+02
1.170536606775792166e+01 4.040009999999999764e+02
1.106492676861896030e+01 3.911159999999999854e+02
1.148671802118363416e+01 3.942570000000000050e+02
1.190873787949135476e+01 3.991630000000000109e+02
1.233098495973322883e+01 4.046150000000000091e+02
1.275345788851046791e+01 4.114739999999999895e+02
1.275345788851046791e+01 4.114739999999999895e+02
1.317615530274468938e+01 4.129329999999999927e+02
1.359907584958864391e+01 4.120500000000000114e+02
1.402221818633827866e+01 4.078419999999999845e+02
1.444558098034525528e+01 4.070380000000000109e+02
1.380704641438256886e+01 3.992450000000000045e+02
1.423084083294793345e+01 3.989189999999999827e+02
1.423084083294793345e+01 3.989189999999999827e+02
1.359272689277622703e+01 3.954769999999999754e+02
1.401695210120686852e+01 3.955810000000000173e+02
