# Distance (km), Depth (m)
0.000000000000000000e+00 -1.962300000000000111e+01
6.578388171554934161e-01 -3.335499999999999687e+01
9.190451344669554601e-01 -3.732099999999999795e+01
1.577082302178098416e+00 -5.650800000000000267e+01
2.235169417929910196e+00 -6.580100000000000193e+01
2.497100636153845699e+00 -6.928600000000000136e+01
3.155382874123858983e+00 -8.185599999999999454e+01
3.417887980690750283e+00 -8.685500000000000398e+01
4.076362982473199281e+00 -1.016809999999999974e+02
4.734886024706327134e+00 -1.234459999999999980e+02
4.998103985148020456e+00 -1.321759999999999877e+02
5.656816658883883520e+00 -1.582419999999999902e+02
6.315576319457136378e+00 -1.761759999999999877e+02
6.579500189304042124e+00 -1.787110000000000127e+02
7.238446404232661280e+00 -1.850540000000000020e+02
7.502930989300637066e+00 -1.886140000000000043e+02
8.162061503227391768e+00 -1.947779999999999916e+02
8.821237205853321939e+00 -2.005900000000000034e+02
9.086416066784977374e+00 -2.039089999999999918e+02
9.745773082309654001e+00 -2.090300000000000011e+02
1.040517429477239375e+01 -2.144269999999999925e+02
1.067104073102245820e+01 -2.179879999999999995e+02
1.133062032253712914e+01 -2.248120000000000118e+02
1.159703472783269262e+01 -2.315010000000000048e+02
1.225679054097406606e+01 -2.381399999999999864e+02
