# Distance (km), Depth (m)
0.000000000000000000e+00 -9.342700000000000671e+01
1.476200844675048529e+00 -2.387940000000000111e+02
3.368318043185126953e+00 -2.970029999999999859e+02
4.200166085367925461e+00 -3.210939999999999941e+02
6.739112864940807412e+00 -3.624850000000000136e+02
7.572390504225211316e+00 -3.568720000000000141e+02
9.468005695059162008e+00 -3.918949999999999818e+02
1.136458246962953922e+01 -4.715489999999999782e+02
1.220046393233519666e+01 -4.876429999999999723e+02
1.474203794546764357e+01 -5.180700000000000500e+02
1.664095420322996688e+01 -5.772419999999999618e+02
1.747897984615889300e+01 -6.085969999999999800e+02
