# Distance (km), Depth (m)
0.000000000000000000e+00 -2.494600000000000151e+01
1.197987182350686908e+00 -8.436400000000000432e+01
2.248752627523430192e+00 -1.403410000000000082e+02
3.899546766751512905e+00 -2.113160000000000025e+02
5.100506201725380606e+00 -2.412649999999999864e+02
6.152013167080696121e+00 -2.572099999999999795e+02
7.354770108707953113e+00 -2.765520000000000209e+02
9.008798812574667636e+00 -3.052549999999999955e+02
1.006100078829913969e+01 -3.079390000000000214e+02
1.126654158393949956e+01 -3.070179999999999723e+02
1.292260256606317625e+01 -3.153410000000000082e+02
1.413050297170582326e+01 -3.254950000000000045e+02
1.578827592234017629e+01 -3.729909999999999854e+02
1.699846556764140360e+01 -4.494839999999999804e+02
1.760404652026215899e+01 -4.696250000000000000e+02
1.865788810233749473e+01 -4.957359999999999900e+02
1.926393527393980776e+01 -5.038879999999999768e+02
2.047697832313644994e+01 -5.081170000000000186e+02
