# Distance (km), Depth (m)
6.494982918104881264e-01 -7.509699999999999420e+01
1.948910633824453953e+00 -1.117129999999999939e+02
3.248868883521083717e+00 -1.274210000000000065e+02
3.899049616571716115e+00 -1.421539999999999964e+02
5.199808213792010747e+00 -1.845809999999999889e+02
6.501088373063453218e+00 -2.146999999999999886e+02
7.802880754964519383e+00 -2.474439999999999884e+02
9.105176238187169702e+00 -2.838480000000000132e+02
1.040796591331201171e+01 -3.148620000000000232e+02
1.171124107679096937e+01 -3.235070000000000050e+02
1.130416138182303598e+01 -3.269689999999999941e+02
