# Distance (km), Depth (m)
9.543593605870910324e-01 -7.542799999999999727e+01
1.434591393617040467e+00 -9.373799999999999955e+01
3.347489615638835403e+00 -1.817549999999999955e+02
3.830233464919842845e+00 -2.150680000000000121e+02
5.273115927226115218e+00 -2.612479999999999905e+02
6.233209185340285785e+00 -2.932379999999999995e+02
8.643319712323773274e+00 -2.947850000000000250e+02
9.606506746975696842e+00 -3.038009999999999877e+02
1.058562879899039899e+01 -3.231460000000000150e+02
1.155108928820800429e+01 -3.174089999999999918e+02
1.251727641464918861e+01 -3.459350000000000023e+02
1.447092139504678698e+01 -3.546630000000000109e+02
1.449087222534564035e+01 -3.539289999999999736e+02
