# Distance (km), Depth (m)
4.677641160285759270e-01 -7.600100000000000477e+01
0.000000000000000000e+00 -6.131099999999999994e+01
1.953711559727992153e+00 -1.059719999999999942e+02
1.486021474503871787e+00 -9.787199999999999989e+01
1.018359475908710010e+00 -8.698699999999999477e+01
2.972237004511811165e+00 -1.235540000000000020e+02
2.504648624390284795e+00 -1.125040000000000049e+02
4.458643112261228225e+00 -1.773540000000000134e+02
4.458643112261228225e+00 -1.773540000000000134e+02
3.991127828169737768e+00 -1.604110000000000014e+02
5.945236402167950018e+00 -2.214900000000000091e+02
5.477793694468061858e+00 -2.082110000000000127e+02
7.432013558425836663e+00 -2.605280000000000200e+02
6.964642910372788265e+00 -2.508739999999999952e+02
6.497300926272828292e+00 -2.371179999999999950e+02
