# Distance (km), Depth (m)
0.000000000000000000e+00 -6.971899999999999409e+01
1.733797561644792040e-01 -6.814199999999999591e+01
7.894738989446352662e-01 -8.697199999999999420e+01
9.644572393088708395e-01 -8.741500000000000625e+01
1.758086701848611710e+00 -1.488880000000000052e+02
1.935645417888906650e+00 -1.896119999999999948e+02
2.554237400109769851e+00 -2.386819999999999879e+02
2.733362688789611639e+00 -2.536160000000000139e+02
3.352878986929482608e+00 -2.722830000000000155e+02
3.533556010363582800e+00 -2.872479999999999905e+02
4.336195575696933702e+00 -2.954580000000000268e+02
