# Distance (km), Depth (m)
0.000000000000000000e+00 -1.261719999999999970e+02
1.342679052496038139e+00 -2.193919999999999959e+02
3.223964474568390415e+00 -2.617440000000000282e+02
2.217389617706828631e+00 -2.523530000000000086e+02
4.570161722841589835e+00 -2.848029999999999973e+02
5.447966883749785438e+00 -2.799089999999999918e+02
6.798770558893551197e+00 -2.875489999999999782e+02
8.151918847954988223e+00 -2.806270000000000095e+02
1.086504535753010714e+01 -3.029610000000000127e+02
1.222492508870041661e+01 -3.479239999999999782e+02
1.405899231122791093e+01 -4.442740000000000009e+02
