# Distance (km), Depth (m)
0.000000000000000000e+00 -4.254099999999999682e+01
4.478155370548506653e-01 -4.416499999999999915e+01
8.957542246446905665e-01 -4.763900000000000290e+01
1.343815252139989980e+00 -4.513300000000000267e+01
1.791997815791688708e+00 -3.889200000000000301e+01
2.240301118660767088e+00 -4.580499999999999972e+01
2.240301118660767088e+00 -4.580499999999999972e+01
2.688724370548698062e+00 -6.225399999999999778e+01
3.137266787928780332e+00 -8.536499999999999488e+01
3.137266787928780332e+00 -8.536499999999999488e+01
3.585927593878096786e+00 -1.042530000000000001e+02
4.034706018010382422e+00 -1.185510000000000019e+02
4.034706018010382422e+00 -1.185510000000000019e+02
4.483601296409887027e+00 -1.318199999999999932e+02
4.932612671565379969e+00 -1.349120000000000061e+02
5.381739392305689762e+00 -1.398319999999999936e+02
