# Distance (km), Depth (m)
-4.339483417275005195e-01 -1.963999999999999968e+00
0.000000000000000000e+00 -3.225999999999999979e+00
1.110852793435924468e+00 -1.111209999999999951e+02
1.545625852266823586e+00 -1.310240000000000009e+02
2.225328656514193426e+00 -1.736129999999999995e+02
2.660782318704320915e+00 -1.929269999999999925e+02
3.779508239397273428e+00 -2.229739999999999895e+02
4.901761555169969142e+00 -2.761720000000000255e+02
6.027500735523176445e+00 -3.340930000000000177e+02
7.156684773374081487e+00 -3.851569999999999823e+02
7.850575977092432822e+00 -4.139010000000000105e+02
8.289273179764791166e+00 -4.278419999999999845e+02
8.985910822788923724e+00 -4.570910000000000082e+02
9.425225978545483940e+00 -4.655059999999999718e+02
1.012458047415844931e+01 -4.799990000000000236e+02
