# Distance (km), Depth (m)
0.000000000000000000e+00 -8.285999999999999588e+00
2.053122390796147556e+00 -8.955000000000000071e+00
3.080001908122312670e+00 -7.410299999999999443e+01
2.615026491265609820e+00 -4.070799999999999841e+01
3.642190801614844986e+00 -1.401800000000000068e+02
4.669562845483767433e+00 -1.661620000000000061e+02
5.697140807672894880e+00 -1.842940000000000111e+02
6.724922893712516725e+00 -1.856740000000000066e+02
7.752907329572678918e+00 -2.146639999999999873e+02
8.316592522373980501e+00 -2.435939999999999941e+02
9.345050592515633525e+00 -2.667620000000000005e+02
1.037370563945557933e+01 -2.748020000000000209e+02
1.140255596727075726e+01 -3.120830000000000268e+02
1.243159989913453956e+01 -3.586320000000000050e+02
1.299673345743173059e+01 -3.709940000000000282e+02
1.402623306417126514e+01 -3.854289999999999736e+02
