# Distance (km), Depth (m)
8.946676158347770524e-01 -1.414830000000000041e+02
1.605770239503101493e-01 -1.341920000000000073e+02
9.308668861898183877e-01 -1.852949999999999875e+02
1.703742691564798406e+00 -2.384939999999999998e+02
2.479175555445124246e+00 -2.806800000000000068e+02
3.257136928338212556e+00 -3.253679999999999950e+02
4.037598593147180281e+00 -3.797320000000000277e+02
4.820532662391741496e+00 -4.112090000000000032e+02
5.605911575394571855e+00 -4.567250000000000227e+02
6.393708095436323902e+00 -4.895230000000000246e+02
7.183895306882845944e+00 -5.061999999999999886e+02
6.476959682526597817e+00 -4.859359999999999786e+02
