# Distance (km), Depth (m)
-9.493777190933201382e-01 -7.634199999999999875e+01
9.493843234241410300e-01 -1.304749999999999943e+02
3.322873345207170814e+00 -1.711939999999999884e+02
5.221692754991124730e+00 -2.004010000000000105e+02
7.120536389327327242e+00 -1.373460000000000036e+02
9.019403510409432556e+00 -7.246699999999999875e+01
1.139301936387261094e+01 -6.176100000000000279e+01
1.329193678373721355e+01 -6.219899999999999807e+01
1.519087548976514768e+01 -6.456199999999999761e+01
1.803932210735732156e+01 -5.938199999999999790e+01
1.946356222523684210e+01 -7.430200000000000671e+01
2.183731982921341341e+01 -1.061719999999999970e+02
2.373634696733486749e+01 -1.956140000000000043e+02
2.563539225376894137e+01 -2.237500000000000000e+02
2.800922361834111030e+01 -2.616759999999999877e+02
2.990830792733029853e+01 -2.974259999999999877e+02
