# Distance (km), Depth (m)
4.116905717079362148e-01 -6.174000000000000199e+01
1.883928599102489443e+00 -7.196299999999999386e+01
3.356427117811165317e+00 -8.192100000000000648e+01
3.768696767397671010e+00 -8.576900000000000546e+01
5.241655839458417177e+00 -1.006719999999999970e+02
6.714866689384393794e+00 -1.135330000000000013e+02
8.188326097299523099e+00 -1.371459999999999866e+02
9.662030897468525836e+00 -1.578849999999999909e+02
1.090219186371200522e+01 -1.613660000000000139e+02
1.237671843026646457e+01 -2.006239999999999952e+02
1.385147850591397400e+01 -2.197769999999999868e+02
1.532646916176508967e+01 -2.437769999999999868e+02
1.680168751726210985e+01 -2.696630000000000109e+02
1.804550246784754108e+01 -2.790779999999999745e+02
1.952149327357534503e+01 -2.933360000000000127e+02
2.099770087818313868e+01 -2.969630000000000223e+02
2.247412261376911147e+01 -3.005179999999999723e+02
