# Distance (km), Depth (m)
1.052923937114655928e+00 5.498299999999999699e+01
0.000000000000000000e+00 4.222399999999999665e+01
4.492156186494469239e-01 4.666700000000000159e+01
2.400607478348092627e+00 8.561700000000000443e+01
-1.539773272602076304e-01 4.328999999999999915e+01
2.956479515446233108e-01 4.616700000000000159e+01
7.454118176617896552e-01 5.664500000000000313e+01
1.195313169468505521e+00 6.978499999999999659e+01
1.645350916655246465e+00 8.132899999999999352e+01
5.934470110230734008e-01 5.542600000000000193e+01
1.043751499614387512e+00 6.765600000000000591e+01
1.494190370639017829e+00 8.159999999999999432e+01
1.944762558997922497e+00 9.692199999999999704e+01
8.933858365936941937e-01 6.767300000000000182e+01
1.344223372396783134e+00 8.182899999999999352e+01
1.795192233295779261e+00 9.722899999999999920e+01
2.246291379038751757e+00 1.229399999999999977e+02
2.697519780035804615e+00 1.537220000000000084e+02
1.646816143221911943e+00 1.047990000000000066e+02
3.600360281950514718e+00 1.753149999999999977e+02
2.549926183456108220e+00 1.409449999999999932e+02
3.001671144715942319e+00 1.613559999999999945e+02
1.951518520040679050e+00 1.401519999999999868e+02
2.403524972415283401e+00 1.540620000000000118e+02
4.357653882258546219e+00 2.370670000000000073e+02
3.307909962332360010e+00 1.870279999999999916e+02
5.262255860850160616e+00 2.535159999999999911e+02
4.212784572656659066e+00 2.453969999999999914e+02
4.665403087717038488e+00 2.570830000000000268e+02
3.616225093745839558e+00 2.279250000000000114e+02
4.069100759045227278e+00 2.519989999999999952e+02
3.020221464527708122e+00 2.041610000000000014e+02
4.975207001525461692e+00 2.845570000000000164e+02
5.428435730265107395e+00 2.987479999999999905e+02
4.379972954787803019e+00 2.769700000000000273e+02
4.833456334961454104e+00 2.922540000000000191e+02
5.287054638245791693e+00 3.034340000000000259e+02
5.740766967362702644e+00 3.137679999999999723e+02
6.194592434128622926e+00 3.166850000000000023e+02
5.146857434960764976e+00 3.098399999999999750e+02
5.600935018915549790e+00 3.197930000000000064e+02
6.055123931885475486e+00 3.235310000000000059e+02
6.509423307343695342e+00 3.262370000000000232e+02
5.462287316683841709e+00 3.240470000000000255e+02
5.916837172272380485e+00 3.276100000000000136e+02
6.826262061562204053e+00 3.358159999999999741e+02
7.281135413388312827e+00 3.431410000000000196e+02
7.736114929554588571e+00 3.548179999999999836e+02
8.191199790171509676e+00 3.634100000000000250e+02
7.145097834047419383e+00 3.483229999999999791e+02
9.101682306267974809e+00 3.751360000000000241e+02
8.055863227162291196e+00 3.717500000000000000e+02
8.511400545214002022e+00 3.764150000000000205e+02
7.465919772550165590e+00 3.628079999999999927e+02
7.921701415475922659e+00 3.750930000000000177e+02
8.377584162793993983e+00 3.815860000000000127e+02
8.833567234975134852e+00 3.843399999999999750e+02
7.788717036439635422e+00 3.713149999999999977e+02
8.244942698179215768e+00 3.814889999999999759e+02
8.701266995071875954e+00 3.872740000000000009e+02
9.614208462583320625e+00 3.917699999999999818e+02
1.007082413630274687e+01 3.987880000000000109e+02
1.052753545119108480e+01 4.060029999999999859e+02
1.098434167735112510e+01 4.116530000000000200e+02
1.144124209214436405e+01 4.176639999999999873e+02
1.039774846990866308e+01 4.048539999999999850e+02
1.085488516500393530e+01 4.084399999999999977e+02
9.811756057890903548e+00 3.993709999999999809e+02
1.026912904647144842e+01 4.022939999999999827e+02
1.072659370906637832e+01 4.045950000000000273e+02
9.683979660138533063e+00 4.029759999999999991e+02
1.014167970205599545e+01 4.038589999999999804e+02
1.059946981248612019e+01 4.025110000000000241e+02
9.557378393617085521e+00 4.053389999999999986e+02
1.001540294206824910e+01 4.056639999999999873e+02
1.047351596250896932e+01 4.045160000000000196e+02
9.431954766000558266e+00 4.053860000000000241e+02
9.890301255922793189e+00 4.066190000000000282e+02
1.034873463046048414e+01 4.092740000000000009e+02
1.068396407776313595e+01 4.145360000000000014e+02
1.056184876167608877e+01 4.171859999999999786e+02
1.102108065553915139e+01 4.246650000000000205e+02
1.148039437512403538e+01 4.330950000000000273e+02
