# Distance (km), Depth (m)
1.336761800896340446e+00 7.913999999999999702e+00
0.000000000000000000e+00 -2.757000000000000117e+00
1.036374643883618774e+00 2.236000000000000210e+00
-3.001549641690814951e-01 -2.862999999999999989e+00
7.366169278429595124e-01 1.225000000000000089e+00
2.441741106321643429e+00 6.395300000000000296e+01
4.374912879561918544e-01 3.458000000000000185e+00
1.474901293371658539e+00 5.054000000000000270e+00
3.180461630236464998e+00 1.075340000000000060e+02
2.512550631515608757e+00 9.947499999999999432e+01
2.882623781282063646e+00 1.149500000000000028e+02
3.920816689868615867e+00 1.655699999999999932e+02
3.253104395332485410e+00 1.466160000000000139e+02
4.291601983456445168e+00 1.889859999999999900e+02
5.330325557954637361e+00 1.971680000000000064e+02
3.995279718059634888e+00 1.832510000000000048e+02
5.034377826882973750e+00 1.995660000000000025e+02
6.073695500147721305e+00 2.216289999999999907e+02
4.739060121364644829e+00 1.985550000000000068e+02
5.778747119565878165e+00 2.205049999999999955e+02
6.818647408006313526e+00 2.451529999999999916e+02
5.484429314513391773e+00 2.275809999999999889e+02
5.857704667232809470e+00 2.475269999999999868e+02
7.565165350885649787e+00 2.479519999999999982e+02
6.231371192386404800e+00 2.734420000000000073e+02
7.272201798616919177e+00 2.581899999999999977e+02
8.313233578503428589e+00 2.890699999999999932e+02
7.646536424523048936e+00 2.760889999999999986e+02
8.021255513410693538e+00 2.906419999999999959e+02
9.062836519025069038e+00 3.172139999999999986e+02
1.010461013128417562e+01 3.140699999999999932e+02
9.438208688751672071e+00 3.205679999999999836e+02
9.813958777158035218e+00 3.204209999999999923e+02
1.085626520613172374e+01 3.256569999999999823e+02
1.019008488710602478e+01 3.326139999999999759e+02
1.056658513225499973e+01 3.416859999999999786e+02
1.160941389333552820e+01 3.522819999999999823e+02
1.094345763700286511e+01 3.541279999999999859e+02
1.132070053642760854e+01 3.621399999999999864e+02
1.236404130834233683e+01 3.714200000000000159e+02
1.340755578568541750e+01 3.928039999999999736e+02
1.207629011266976704e+01 3.799610000000000127e+02
1.312013273507272970e+01 4.041920000000000073e+02
1.416414390432046844e+01 3.957989999999999782e+02
1.283333915299186856e+01 4.091940000000000168e+02
1.387767362408467875e+01 4.066490000000000009e+02
1.492217160537188647e+01 4.076469999999999914e+02
1.530172084587243830e+01 4.175190000000000055e+02
1.463664959074833405e+01 4.151990000000000123e+02
1.501667127762186738e+01 4.205779999999999745e+02
1.606188128804834037e+01 4.299470000000000027e+02
1.473225189135320079e+01 4.268709999999999809e+02
1.577777324564729611e+01 4.286739999999999782e+02
1.615885003169952938e+01 4.309209999999999923e+02
1.549429562733678267e+01 4.310310000000000059e+02
1.587584160732953364e+01 4.336120000000000232e+02
1.521145076844834421e+01 4.331960000000000264e+02
1.559346604704526840e+01 4.376399999999999864e+02
