# Distance (km), Depth (m)
0.000000000000000000e+00 5.253799999999999670e+01
0.000000000000000000e+00 5.253799999999999670e+01
6.691511413095554417e-01 5.962599999999999767e+01
6.691511413095554417e-01 5.962599999999999767e+01
6.691511413095554417e-01 5.962599999999999767e+01
1.338316951026826018e+00 8.389799999999999613e+01
1.338316951026826018e+00 8.389799999999999613e+01
2.007497305619921235e+00 1.129270000000000067e+02
2.007497305619921235e+00 1.129270000000000067e+02
2.007497305619921235e+00 1.129270000000000067e+02
2.007497305619921235e+00 1.129270000000000067e+02
3.345901162189619527e+00 1.591119999999999948e+02
3.345901162189619527e+00 1.591119999999999948e+02
3.345901162189619527e+00 1.591119999999999948e+02
3.345901162189619527e+00 1.591119999999999948e+02
4.015124423928881470e+00 1.330670000000000073e+02
4.015124423928881470e+00 1.330670000000000073e+02
4.015124423928881470e+00 1.330670000000000073e+02
4.684361750031825977e+00 1.062409999999999997e+02
4.684361750031825977e+00 1.062409999999999997e+02
4.684361750031825977e+00 1.062409999999999997e+02
4.684361750031825977e+00 1.062409999999999997e+02
6.022878129345571097e+00 1.581339999999999861e+02
6.022878129345571097e+00 1.581339999999999861e+02
6.022878129345571097e+00 1.581339999999999861e+02
6.022878129345571097e+00 1.581339999999999861e+02
6.692156952766424638e+00 1.729310000000000116e+02
6.692156952766424638e+00 1.729310000000000116e+02
6.692156952766424638e+00 1.729310000000000116e+02
7.361449380936107900e+00 1.899660000000000082e+02
7.361449380936107900e+00 1.899660000000000082e+02
8.030755302082951630e+00 2.213770000000000095e+02
8.030755302082951630e+00 2.213770000000000095e+02
8.030755302082951630e+00 2.213770000000000095e+02
8.700074605654180004e+00 2.592549999999999955e+02
8.700074605654180004e+00 2.592549999999999955e+02
8.700074605654180004e+00 2.592549999999999955e+02
8.700074605654180004e+00 2.592549999999999955e+02
1.003875292385365015e+01 2.390260000000000105e+02
1.003875292385365015e+01 2.390260000000000105e+02
1.003875292385365015e+01 2.390260000000000105e+02
1.003875292385365015e+01 2.390260000000000105e+02
1.070811172332284400e+01 2.276639999999999873e+02
1.070811172332284400e+01 2.276639999999999873e+02
1.137748347486652278e+01 2.211819999999999879e+02
1.137748347486652278e+01 2.211819999999999879e+02
1.137748347486652278e+01 2.211819999999999879e+02
1.204686807378308799e+01 2.214890000000000043e+02
1.204686807378308799e+01 2.214890000000000043e+02
1.271626541649456499e+01 2.204639999999999986e+02
1.271626541649456499e+01 2.204639999999999986e+02
1.271626541649456499e+01 2.204639999999999986e+02
1.271626541649456499e+01 2.204639999999999986e+02
1.405509792451763929e+01 2.185550000000000068e+02
1.405509792451763929e+01 2.185550000000000068e+02
1.405509792451763929e+01 2.185550000000000068e+02
1.405509792451763929e+01 2.185550000000000068e+02
1.472453288815680139e+01 2.234819999999999993e+02
1.472453288815680139e+01 2.234819999999999993e+02
1.472453288815680139e+01 2.234819999999999993e+02
1.539398019221712843e+01 2.315490000000000066e+02
1.539398019221712843e+01 2.315490000000000066e+02
1.606343973851775786e+01 2.394290000000000020e+02
1.606343973851775786e+01 2.394290000000000020e+02
1.606343973851775786e+01 2.394290000000000020e+02
1.673291142991482161e+01 2.491860000000000070e+02
1.673291142991482161e+01 2.491860000000000070e+02
1.740239517028777527e+01 2.574189999999999827e+02
1.740239517028777527e+01 2.574189999999999827e+02
1.740239517028777527e+01 2.574189999999999827e+02
1.807189086452601146e+01 2.642769999999999868e+02
1.807189086452601146e+01 2.642769999999999868e+02
1.874139841851567212e+01 2.637719999999999914e+02
1.874139841851567212e+01 2.637719999999999914e+02
1.874139841851567212e+01 2.637719999999999914e+02
1.941091773912665985e+01 2.671100000000000136e+02
1.941091773912665985e+01 2.671100000000000136e+02
1.941091773912665985e+01 2.671100000000000136e+02
1.941091773912665985e+01 2.671100000000000136e+02
1.941091773912665985e+01 2.671100000000000136e+02
1.941091773912665985e+01 2.671100000000000136e+02
