# Distance (km), Depth (m)
0.000000000000000000e+00 0.000000000000000000e+00
8.259232782894514457e-01 -5.740000000001600711e+00
1.239301514035844320e+00 -2.016500000000087311e+01
2.481081896421471811e+00 -3.054600000000209548e+01
4.140565767623854754e+00 -4.149600000000282307e+01
5.804268772866123527e+00 -6.946700000000055297e+01
7.054752796392648406e+00 -8.359700000000157161e+01
8.082248729602781623e+00 -1.139330000000009022e+02
8.919576916647400822e+00 -1.258170000000027358e+02
9.757878585198625387e+00 -1.388270000000011350e+02
1.059714194839966694e+01 -1.482020000000011350e+02
1.143735539571702020e+01 -1.536660000000010768e+02
1.227850748993671459e+01 -1.662139999999999418e+02
1.312058696421493664e+01 -1.768090000000011059e+02
1.354197099385893921e+01 -1.877820000000028813e+02
