# Distance (km), Depth (m)
0.000000000000000000e+00 1.490900000000000034e+02
6.495310959614926105e-01 1.744619999999999891e+02
3.008799247207150529e+00 2.886659999999999968e+02
3.658623825554684572e+00 3.013799999999999955e+02
4.958605633233219123e+00 3.126390000000000100e+02
5.608761211949854442e+00 3.201360000000000241e+02
7.969005243886726930e+00 3.468319999999999936e+02
8.619437794137922992e+00 3.568829999999999814e+02
9.269976452595358296e+00 3.667690000000000055e+02
9.511949388447987985e+00 3.711109999999999900e+02
1.016284919800892794e+01 3.756209999999999809e+02
