# Distance (km), Depth (m)
1.030175871892339501e+00 1.914180000000000064e+02
0.000000000000000000e+00 1.693710000000000093e+02
2.009594726704307277e+00 2.081129999999999995e+02
9.798672894324056415e-01 2.006539999999999964e+02
6.204208956181389567e-01 1.886709999999999923e+02
1.960439171332268415e+00 1.959099999999999966e+02
1.601525585661846662e+00 1.885020000000000095e+02
2.941706987621643066e+00 1.739660000000000082e+02
2.583322880965596369e+00 1.508350000000000080e+02
3.923662215503384232e+00 1.941210000000000093e+02
3.565804282272665660e+00 1.804360000000000070e+02
4.906296464955005376e+00 2.264360000000000070e+02
4.548961423045284391e+00 2.161260000000000048e+02
5.889601476275402092e+00 2.258520000000000039e+02
5.532786067005645236e+00 2.242880000000000109e+02
4.505942115716720764e+00 2.088499999999999943e+02
6.517270105728044882e+00 2.401419999999999959e+02
5.490874237392347368e+00 2.299689999999999941e+02
7.502405556281530608e+00 2.553400000000000034e+02
7.147026301535703396e+00 2.505029999999999859e+02
8.488184558921574308e+00 2.612610000000000241e+02
8.133315143787626766e+00 2.553559999999999945e+02
9.474599374829665521e+00 2.585129999999999768e+02
9.120236622548048899e+00 2.516450000000000102e+02
8.766281878665466820e+00 2.527379999999999995e+02
1.010778314100235775e+01 2.582010000000000218e+02
9.754331717492334519e+00 2.587810000000000059e+02
1.109594721878607970e+01 2.641949999999999932e+02
1.074299597487402025e+01 2.658519999999999754e+02
1.208472148985816830e+01 2.695679999999999836e+02
1.240318074970474527e+01 2.718199999999999932e+02
1.138022227463559943e+01 2.707939999999999827e+02
1.339310298784837983e+01 2.710720000000000027e+02
1.304159278886612583e+01 2.747350000000000136e+02
1.438361596220809702e+01 2.794879999999999995e+02
1.403259501218730065e+01 2.830559999999999832e+02
1.368198347622188749e+01 2.883629999999999995e+02
1.435307896669803540e+01 2.944479999999999791e+02
1.467405237241703730e+01 3.032839999999999918e+02
1.432433765369836465e+01 3.049519999999999982e+02
