# Distance (km), Depth (m)
0.000000000000000000e+00 -9.919700000000000273e+01
1.258488966552135935e+00 -1.490660000000000025e+02
1.887937186137378376e+00 -1.695109999999999957e+02
3.147237957935658414e+00 -1.840240000000000009e+02
3.777089265350412006e+00 -1.904389999999999930e+02
5.037190638892184325e+00 -2.001740000000000066e+02
5.667439482251609206e+00 -1.994550000000000125e+02
6.928330452317084109e+00 -2.053629999999999995e+02
7.128059526331639972e+00 -2.169120000000000061e+02
8.820641133265667122e+00 -2.526189999999999998e+02
9.021091749482764044e+00 -2.569060000000000059e+02
1.071410670277367672e+01 -2.989979999999999905e+02
1.091527174022354529e+01 -2.998940000000000055e+02
1.154691742563903745e+01 -3.047219999999999800e+02
