# Distance (km), Depth (m)
4.440603325668917023e-01 -2.209199999999999875e+01
6.128321958091760280e-01 -2.568499999999999872e+01
1.225842149714196694e+00 -5.067199999999999704e+01
1.395363641274343536e+00 -6.975100000000000477e+01
2.008835832347017458e+00 -8.790000000000000568e+01
2.179103720737089134e+00 -9.110599999999999454e+01
2.793034719332581517e+00 -1.062909999999999968e+02
2.964045787154077516e+00 -1.272519999999999953e+02
4.635866946650708087e+00 -1.648959999999999866e+02
4.807720489144685416e+00 -1.650780000000000030e+02
5.422620915414029241e+00 -1.747990000000000066e+02
5.595209179906817099e+00 -1.902119999999999891e+02
6.210556824260834219e+00 -2.255569999999999879e+02
6.383876651429261528e+00 -2.354250000000000114e+02
8.057606616715872860e+00 -2.582459999999999809e+02
8.231750733518424568e+00 -2.582769999999999868e+02
8.848040300138507064e+00 -2.602590000000000146e+02
9.022907696275865419e+00 -2.511529999999999916e+02
9.198224759764855207e+00 -2.444939999999999998e+02
9.815220796348341992e+00 -2.483689999999999998e+02
9.991256635619208737e+00 -2.507880000000000109e+02
