# Distance (km), Depth (m)
0.000000000000000000e+00 -6.360000000000000142e+01
1.774759310435797488e+00 -1.729970000000000141e+02
3.106908883754044837e+00 -2.523909999999999911e+02
3.551161864053597128e+00 -2.589350000000000023e+02
4.884523438560677278e+00 -2.732950000000000159e+02
6.218779015666314081e+00 -3.015059999999999718e+02
7.553915998508216489e+00 -3.203220000000000027e+02
8.889922017687695188e+00 -3.661899999999999977e+02
1.022678492635179737e+01 -3.448929999999999723e+02
1.156449279539697272e+01 -3.828509999999999991e+02
1.379585187340671837e+01 -4.669440000000000168e+02
1.513575625605363939e+01 -5.204339999999999691e+02
1.602947264190447640e+01 -5.124790000000000418e+02
1.692354265576091166e+01 -5.050049999999999955e+02
