# Distance (km), Depth (m)
0.000000000000000000e+00 -2.870799999999999841e+01
8.595666890611823874e-01 -6.005499999999999972e+01
1.796999253521619266e+00 -8.826999999999999602e+01
3.127190900781215532e+00 -1.660860000000000127e+02
3.520908797530069023e+00 -1.798750000000000000e+02
4.854123486947457877e+00 -2.160380000000000109e+02
5.323381401376536814e+00 -2.197079999999999984e+02
6.189002507793077257e+00 -2.185840000000000032e+02
6.658435584754727188e+00 -2.157510000000000048e+02
7.055936502247845965e+00 -2.145929999999999893e+02
7.525522798718156992e+00 -2.135639999999999930e+02
8.464748300723385910e+00 -1.971080000000000041e+02
8.863661694893949061e+00 -1.884120000000000061e+02
9.333432355450440809e+00 -1.787290000000000134e+02
9.803219976784532719e+00 -1.781949999999999932e+02
1.020339692019450695e+01 -1.837259999999999991e+02
1.067333018509566500e+01 -1.849170000000000016e+02
1.107463057178000554e+01 -1.774759999999999991e+02
1.154470657954323087e+01 -1.741500000000000057e+02
1.194712200613173536e+01 -1.805159999999999911e+02
1.288756915142164416e+01 -1.955469999999999970e+02
1.335781569263559732e+01 -1.841250000000000000e+02
