# Distance (km), Depth (m)
0.000000000000000000e+00 -5.260399999999999920e+01
1.036197165308180956e+00 -0.962400000000000233e+02
3.678790800154843055e-01 -6.005100000000000193e+01
2.441346025862600300e+00 -1.201790000000000020e+02
3.478517897852754004e+00 -1.437589999999999861e+02
5.183941819525699657e+00 -1.964449999999999932e+02
4.515975426290538053e+00 -1.811810000000000116e+02
5.553713791674624645e+00 -2.071889999999999930e+02
4.885863664079067803e+00 -1.883209999999999980e+02
6.591728281053462979e+00 -2.267880000000000109e+02
5.923966677582797047e+00 -2.120670000000000073e+02
6.962341192318319827e+00 -2.291250000000000000e+02
6.294697593135992975e+00 -2.167090000000000032e+02
8.000982683583487187e+00 -2.416550000000000011e+02
