# Distance (km), Depth (m)
0.000000000000000000e+00 -1.463299999999999912e+01
1.500767467031636215e+00 -6.416200000000000614e+01
4.439931577367985938e-01 -2.090700000000000003e+01
1.944813637048326882e+00 -7.354300000000000637e+01
8.881303389134131976e-01 -6.125300000000000011e+01
2.389002510031559723e+00 -8.720799999999999841e+01
3.889892767722471945e+00 -1.014749999999999943e+02
2.833333134202291603e+00 -9.674599999999999511e+01
4.334272987873134753e+00 -1.159599999999999937e+02
4.778792749463661949e+00 -1.282630000000000052e+02
5.223451132118270834e+00 -1.296469999999999914e+02
5.668247223254212486e+00 -1.376119999999999948e+02
