# Distance (km), Depth (m)
0.000000000000000000e+00 -6.531399999999999295e+01
6.531491324335831905e-01 -6.212700000000000244e+01
9.805722261620530844e-01 -7.018999999999999773e+01
1.308557489284709163e+00 -1.094609999999999985e+02
1.637102299934070970e+00 -1.439319999999999879e+02
1.966204048089792877e+00 -1.532189999999999941e+02
2.285142672471977221e+00 -2.013170000000000073e+02
2.616431708156426339e+00 -2.141560000000000059e+02
3.275282948314838904e+00 -2.720509999999999877e+02
3.609269740715490116e+00 -2.789139999999999873e+02
3.943791401788075746e+00 -2.947139999999999986e+02
3.942677850712726695e+00 -3.100849999999999795e+02
4.278789828654936400e+00 -3.298229999999999791e+02
4.615428340170979027e+00 -3.386259999999999764e+02
