# Distance (km), Depth (m)
0.000000000000000000e+00 -1.297390000000000043e+02
7.138814187565856173e-01 -1.997239999999999895e+02
1.071632525856102802e+00 -1.977940000000000111e+02
1.429919655403352863e+00 -2.019550000000000125e+02
1.788739650655941205e+00 -2.000159999999999911e+02
2.559610488905775583e+00 -2.018089999999999975e+02
2.868365564072945517e+00 -2.077889999999999873e+02
2.921137577198095414e+00 -2.281690000000000111e+02
3.283180529188570063e+00 -2.326399999999999864e+02
3.645736305926789100e+00 -2.592119999999999891e+02
4.372374275581819347e+00 -2.550999999999999943e+02
5.041587567280458870e+00 -2.787679999999999723e+02
5.405566968063368449e+00 -2.963690000000000282e+02
5.770045813580196636e+00 -3.052139999999999986e+02
5.831672556892783632e+00 -3.336129999999999995e+02
6.197734646411333870e+00 -3.483779999999999859e+02
