# Distance (km), Depth (m)
0.000000000000000000e+00 -1.852589999999999861e+02
1.023930179954163577e+00 -1.937990000000000066e+02
2.048230552556276507e+00 -2.045399999999999920e+02
2.607186754403528539e+00 -2.139290000000000020e+02
4.384359591205253537e+00 -2.660720000000000027e+02
5.411491919372394932e+00 -2.754789999999999850e+02
7.565924145916852694e+00 -3.661530000000000200e+02
8.130313911585517417e+00 -3.781089999999999804e+02
8.695301708158041265e+00 -3.876399999999999864e+02
9.724837483694216189e+00 -4.104080000000000155e+02
1.029084194450769019e+01 -4.345090000000000146e+02
1.085743052041115675e+01 -4.554519999999999982e+02
1.188810300568016487e+01 -4.760670000000000073e+02
1.245568031037694823e+01 -4.911009999999999991e+02
1.302382825650644804e+01 -5.039789999999999850e+02
1.359254255589857507e+01 -5.199039999999999964e+02
