# Distance (km), Depth (m)
1.636403305432452271e-01 -1.799149999999999920e+02
1.829534839054957729e+00 -2.357810000000000059e+02
2.440169467584297536e+00 -2.460120000000000005e+02
3.217950674512792375e+00 -2.628720000000000141e+02
3.385688241075115457e+00 -2.649399999999999977e+02
3.998315535697230416e+00 -2.789529999999999745e+02
4.781234296354995195e+00 -3.167099999999999795e+02
6.452529894787090825e+00 -3.448190000000000168e+02
5.566677561695399845e+00 -3.389549999999999841e+02
7.239269307536403630e+00 -3.411800000000000068e+02
8.912514641199635435e+00 -3.509879999999999995e+02
8.028474094609180156e+00 -3.406920000000000073e+02
9.878473348338673077e+00 -3.611019999999999754e+02
1.155432619061619448e+01 -3.669370000000000118e+02
1.067282169351798871e+01 -3.630919999999999845e+02
