# Distance (km), Depth (m)
0.000000000000000000e+00 -1.162109999999999985e+02
2.382109024505609796e-01 -1.190909999999999940e+02
8.876601905958807492e-01 -1.364689999999999941e+02
2.427431093059936984e+00 -1.840409999999999968e+02
3.805709068710854126e+00 -2.314110000000000014e+02
5.600561267106201058e+00 -3.132730000000000246e+02
7.652130760438637935e+00 -3.901909999999999741e+02
8.306104510620627934e+00 -4.004859999999999900e+02
8.808679051026160778e+00 -4.203500000000000227e+02
9.463448608445276022e+00 -4.324350000000000023e+02
