# Distance (km), Depth (m)
0.000000000000000000e+00 -1.835699999999999932e+01
6.136418049059102486e-01 -3.918200000000000216e+01
1.702605406093766760e-01 -3.067000000000000171e+01
1.227462043751756937e+00 -7.385599999999999454e+01
7.841920549249721262e-01 -5.772299999999999898e+01
1.398301081157228509e+00 -8.150000000000000000e+01
2.012586839523294202e+00 -9.042400000000000659e+01
2.627048554578550466e+00 -9.147499999999999432e+01
2.356243969920058134e+00 -9.121599999999999397e+01
3.586483085701502205e+00 -1.255939999999999941e+02
4.201861945468635895e+00 -1.316899999999999977e+02
4.375240927603783803e+00 -1.677400000000000091e+02
4.991073157129221727e+00 -1.748400000000000034e+02
5.607075606290038650e+00 -1.743600000000000136e+02
6.223247532487675926e+00 -1.786200000000000045e+02
6.397929166874973816e+00 -2.018609999999999900e+02
7.014547784501303340e+00 -2.081550000000000011e+02
