# Distance (km), Depth (m)
0.000000000000000000e+00 -7.390200000000000102e+01
1.062131433117201595e+00 -8.540999999999999659e+01
2.124262873312886768e+00 -8.150900000000000034e+01
2.761896721759114826e+00 -8.243899999999999295e+01
2.761896721759114826e+00 -8.243899999999999295e+01
7.648215142843241665e+00 -3.965330000000000155e+02
8.710343123979271240e+00 -4.002130000000000223e+02
9.772471139702872733e+00 -4.057930000000000064e+02
1.083459918959914603e+01 -3.891419999999999959e+02
1.147255831551251504e+01 -3.977149999999999750e+02
1.253468370875054916e+01 -4.493679999999999950e+02
1.359680915656383604e+01 -4.878360000000000127e+02
1.465893465830697551e+01 -5.098509999999999991e+02
1.529704966074740469e+01 -5.187709999999999582e+02
1.529704966074740469e+01 -5.187709999999999582e+02
