# Distance (km), Depth (m)
0.000000000000000000e+00 -5.808299999999999841e+01
9.274541047432194318e-01 -1.064759999999999991e+02
2.318880802606940961e+00 -1.844559999999999889e+02
3.246660655520940963e+00 -1.990279999999999916e+02
4.638570745398681083e+00 -2.012429999999999950e+02
6.030765933966108605e+00 -2.262719999999999914e+02
7.423242594642886161e+00 -2.730389999999999873e+02
8.351714978357733798e+00 -2.875509999999999877e+02
7.787244049125376932e+00 -2.835169999999999959e+02
9.180513349574255244e+00 -2.910140000000000100e+02
