# Distance (km), Depth (m)
0.000000000000000000e+00 -8.541000000000000369e+00
6.535005221418828114e-01 -2.807400000000000162e+01
1.307054203612722176e+00 -3.361599999999999966e+01
1.556430501007014300e+00 -4.493699999999999761e+01
2.210174493371766857e+00 -9.409699999999999420e+01
2.863970766649686084e+00 -1.258870000000000005e+02
3.517819096556820568e+00 -1.350649999999999977e+02
4.171719260072791258e+00 -1.390720000000000027e+02
4.421998721794238918e+00 -1.458460000000000036e+02
5.076085544176919484e+00 -1.614430000000000121e+02
5.730223345351873832e+00 -1.807210000000000036e+02
6.384411907870514824e+00 -2.096490000000000009e+02
7.038651015502409791e+00 -2.449430000000000121e+02
7.289821179485556968e+00 -2.748969999999999914e+02
7.944243379665238081e+00 -2.882479999999999905e+02
8.598715293013469818e+00 -2.948779999999999859e+02
9.505154432761628414e+00 -3.001589999999999918e+02
