# Distance (km), Depth (m)
0.000000000000000000e+00 -2.782799999999999940e+01
1.040875510093030698e+00 -5.733100000000000307e+01
2.081854957039411147e+00 -8.322299999999999898e+01
3.789656747706771966e+00 -1.308410000000000082e+02
4.830801842142363967e+00 -1.614180000000000064e+02
5.872048671900813588e+00 -1.930620000000000118e+02
6.913396506303399747e+00 -2.163849999999999909e+02
7.954844621582140007e+00 -2.403259999999999934e+02
9.662927948170306536e+00 -2.680609999999999786e+02
1.070453477594236347e+01 -2.760659999999999741e+02
1.174623979329481926e+01 -2.774270000000000209e+02
