# Distance (km), Depth (m)
0.000000000000000000e+00 -6.035199999999999676e+01
0.000000000000000000e+00 -6.035199999999999676e+01
1.058916667597003425e+00 -7.915000000000000568e+01
1.058916667597003425e+00 -7.915000000000000568e+01
1.058916667597003425e+00 -7.915000000000000568e+01
3.616831567421371574e+00 -2.760120000000000005e+02
3.616831567421371574e+00 -2.760120000000000005e+02
3.616831567421371574e+00 -2.760120000000000005e+02
4.675776065291984196e+00 -3.174159999999999968e+02
4.675776065291984196e+00 -3.174159999999999968e+02
4.675776065291984196e+00 -3.174159999999999968e+02
5.734753396505453793e+00 -3.618220000000000027e+02
5.734753396505453793e+00 -3.618220000000000027e+02
8.292657420983744032e+00 -4.553790000000000191e+02
8.292657420983744032e+00 -4.553790000000000191e+02
8.292657420983744032e+00 -4.553790000000000191e+02
9.351660662827271153e+00 -4.532139999999999986e+02
9.351660662827271153e+00 -4.532139999999999986e+02
9.351660662827271153e+00 -4.532139999999999986e+02
1.041069541831561196e+01 -4.578609999999999900e+02
1.041069541831561196e+01 -4.578609999999999900e+02
