# Distance (km), Depth (m)
8.994465931440913664e-01 -1.766299999999999955e+02
2.249249366740116329e+00 -1.732630000000000052e+02
4.050150620599310969e+00 -1.714869999999999948e+02
5.401685695054197822e+00 -1.675440000000000111e+02
6.753945385270640145e+00 -1.848110000000000070e+02
8.106919298491561676e+00 -2.182429999999999950e+02
9.911977926727729482e+00 -2.542050000000000125e+02
1.126657901709052112e+01 -3.135579999999999927e+02
1.307377139191538618e+01 -3.160720000000000027e+02
1.442994647119854790e+01 -3.204540000000000077e+02
1.578678039305441416e+01 -3.186340000000000146e+02
1.759690129885888155e+01 -3.748709999999999809e+02
1.940815584378100311e+01 -4.144850000000000136e+02
2.076732816409850102e+01 -4.227429999999999950e+02
