# Distance (km), Depth (m)
0.000000000000000000e+00 -6.177900000000000347e+01
9.519071204316560397e-01 -1.038130000000000024e+02
1.429750308384370783e+00 -1.218599999999999994e+02
2.858483866048942446e+00 -1.908540000000000134e+02
3.338159721482242048e+00 -2.017779999999999916e+02
5.725093242562053319e+00 -2.708949999999999818e+02
6.682386078630031534e+00 -2.759110000000000014e+02
7.640540014821169734e+00 -3.024739999999999895e+02
8.599545023006811562e+00 -3.308969999999999914e+02
9.559391221466910338e+00 -3.580520000000000209e+02
1.052006887240418109e+01 -3.772570000000000050e+02
1.148156837950389786e+01 -4.020889999999999986e+02
